OneSeg.front = [19 15; 16 1; 5 23; 3 28; 20 3; 22 8; 25 14; 17 12];
OneSeg.ang = OneSeg.front+28;

TwoSeg.front = [1 19 25 ; 26 14 20; 16 10 7; 3 5 14; 26 19 13; 11 23 7; 1 17 5; 20 3 7; 9 26 19; 26 16 6; 23 1 9; 1 6 26]; 
TwoSeg.ang = TwoSeg.front+28;

ThreeSeg.front = [1 4 13 17; 8 19 25 13; 17 26 21 12; 10 16 3 8; 26 22 7 6; 19 25 8 12; 12 5 23 16; 14 10 3 28];
ThreeSeg.ang = ThreeSeg.front+28;